11111111111111111111111111111111111111111111111111
10000000000000000000000000000000000000000000000001
10000000000000000000000000000000000000000000000001
10000000000000000032000000000000000000000000000001
10000000000000000000001000000100000000000000000000
10000000000000000000001000000100000000000000000001
10000000000000000000001000000100000000000000000001
10000000000000000000001000000100000000000000000001
10000000000000000000001111111100000000000000000001
10000000000000000000000000000000000000000000000001
10000000000000000000000000000000000000000000000001
10000001000000011111100011111100011111100000000001
10000001000000010000100010000000010000100000000001
10000001000000010000100011111100011111100000000001
10000001000000010000100000000100010000000000000001
10000001111100011111100011111100011111100000000001
10000000000000000000000000000000000000000000000001
10000000000000000000000000000000000000000000000001
10000000000000000000000000000000000000000000000001
10000000000000000000000000000000000000000000000001
11111111111111111111111111111111111111111111111111
