11111111111111111111111111111111111111111111111111
10000000000000000000000000000000000111111111111111
11111100000000000000000000000000001111000000000001
10000000000000000032000000000000000000000000000001
10000000111000000000000000000000000000000000000001
100000001000000000000dgnnndg0000000000000000000001
10000000100000000000000000000000000000000000000001
1000000010000000000000000000000000002zknjk00000001
10000000111110000000000000000000000000000000000001
10000000000010011111111111110000000000000000000001
10000000000010011111111111110000000000000011111111
10000000000010011111111111100000000000000000000001
10000000000000001111111111110000000000000000000001
10000000000000000000000000000000000000000000000001
10000000000000000000000000000000000000000010000011
10000000000000000000000000000000000000000000000001
10000000000000000000000000000000000000000000000001
11mih65l446fk4yf0000000011111111111111111111111111
10000000000000000000000000000000000000000000000001
10000000000000000000000000000000000000000000000001
11111111111111111111111111111111111111111111111111
