11111111111111111111111111111111111111111111111111
10000000001000000000000000000000000000000000000001
10000000001000000000000000000000001111000000000001
10000000001000000032000000000000000000000000000001
10000000001000000000000000000000000000000000000001
10000000001000000000000011111110000000000000000001
10000000000000000000000000000000000000000000000001
10000000000000000000000000000000000000000000000001
10000000000000000000000000000000000000000000000001
10000000000000011000000000000000000001111111111101
10000000000000011100000000001110000000000000000001
10000000000000011110000000000000000000000000000001
10000000000000001100000000000000000000000000000001
10000000000000000000000000000000000000000000000001
10000000000000000000000000000000000000000000000001
10000000000000000000000000000000000000000000000001
10000000000000000000011111111111100000000000000001
10000000000000000000000000000010000000000000000001
10000000000000000000000000000010000000000000000001
10000000000000000000000000000000000000000000000001
10000000000111111111110000000000000000000000000001
10000000000000000000000000000000000000000000000001
10000000000000000000000000000000000000000000000001
11111111111111111111111111111111111111111111111111