1111111111111111111111111111111111111111111111111111111111111
1000100000000000000000010000000000000000010000000000010000111
1001100000000000000000010000000000000000010000000000010000001
1010100000000000000000010000000000000000010000000000010000011
1000000000000000000000011111111100000000000000000000000000011
1111111110000000001000000001000000000000000001000000000000001
1000000010000000001000000001000000000000000001000000000000001
1000000010000000001000000000000000000000000001111000000000001
1000000010000000001000000000000000000000000000000000000000001
1000000010000000000000000111111111111100000000000100000000001
1000000011110000000000000000000011000000000000000111110000001
1000000000000000000000000000000011000000000000000001000000001
1000000000000000000000000000000011000000000000000001000000001
1111111111111111000000000000000000000000000000000000000000001
1000000000000000000000001000000000000000000001000000000000001
1000000000000000000000000000000000000000000000000000000000001
1000000000000000000000000000001000000000000000000000000000001
1000000000000000000000000000001000000000000000111111111111111
1000000000000000000000000000000000000000000000000000000000001
1000000000011111111111000000000000000000000000000000000000001
1000000000000000000000000000000000000000000000000000011111101
1000000000000000000000000000000000000000000000000110000000001
1111111111111111111111111111111111111111111111111111111111111
