1111111111111111111111111111111111111111111111111111
10000000000000000000000000000000000111111111111111
10000000000000000000000000000000001111000000000001
10000000000000000032000000000000000000000000000001
10000000000000000000000000000000000000000000000001
10000000000000000000dgnnndg00000000000000000000001
10000000000000000000000000000000000000000000000001
1000000000000000000000000000000000002zknjk00000001
10000000000000000000000000000000000000000000000001
10000000000000011111111111110000000000000000000001
10000000000000011111111111110000000000000011110000000000001111111111
10000000000000011111111111100000000000000000000001
10000000000000001111111111110000000000000000000001
10000000000000000000000000000000000000000000000001
1000000000000000000000000000000000000000001
10000000000000000000000000000000000000000000000001
10000000000000000000000000000000000000000000000001
11mih65l446fk4yf000000001111111111111111111111111111
10000000000000000000000000000000000000000000000001
10000000000000000000000000000000000000000000000001
10000000000000000000000000000000000000000000000001
1000000000000000000000000000011111