11111111111111111111111111111111111111111111111111
10000000000000000000000000000000000000000000000001
10000000000000000000000000000000000000000000000001
10000000000000000032000000000000000000000000000001
10000000000000000000001000000100000000000000000000
10000000000000000000001000000100000000000000000001
10000000000000000000001000000100000000000000000001
10000000000000000000001000000100000000000000000001
10000000000000000000001111111100000000000000000001
10000000000000000000000000000000000000000000000001
10000000000000000000000000000000000000000000000001
10000001000000110000100010000011000011000000000001
10000001000000110000100010000011010011000000000001
10000001000000110000100010000011001011000000000001
10000001000000110000100010000011000011000000000001
10000001111111111111100010000011000011000000000001
10000000000000000000000000000000000000000000000001
10000000000000000000000000000000000000000000000001
10000000000000000000000000000000000000000000000001
10000000000000000000000000000000000000000000000001
11111111111111111111111111111111111111111111111111
